0 25.000000000 0.000000000 -5.000000000 -0.448297854 -0.448297854 0.546835472 0.546835472
1 24.802676133 2.588202989 -4.915451958 -0.423038117 -0.473685512 0.571342326 0.519835295
2 24.270273516 4.854932448 -4.727850166 -0.400383423 -0.495256468 0.592795403 0.492958167
3 23.621635324 6.876571924 -4.493901457 -0.375588782 -0.516955652 0.608863100 0.470080467
4 22.510973270 8.466250043 -4.746608764 -0.353720005 -0.526441130 0.629584975 0.448736731
5 21.282674805 9.474848667 -4.619006262 -0.335890043 -0.536971639 0.642096487 0.431916010
6 19.930349539 9.798189713 -4.417988590 -0.324517278 -0.543374021 0.650000979 0.420632782
7 18.899712800 9.699979589 -4.063104686 -0.318652125 -0.551560600 0.647170325 0.418822514
8 17.809084500 8.804389075 -4.201653082 -0.318166639 -0.544238648 0.649185184 0.425597086
9 16.671672549 7.095374516 -4.019586728 -0.332524099 -0.530843126 0.640884321 0.443734816
10 15.689403121 4.828753906 -3.428816187 -0.364425634 -0.512071642 0.617036859 0.473542083
11 15.606559817 2.263435726 -4.299179982 -0.396842365 -0.467585866 0.596475408 0.517780535
12 14.668005159 -0.425839724 -3.849343273 -0.440615778 -0.430193081 0.553540039 0.560700521
13 16.633796058 -8.746189984 -2.611048381 -0.564043657 -0.330208488 0.408161043 0.637355215
14 17.986631384 -9.708479316 -3.066117237 -0.567883550 -0.328400487 0.399155000 0.640575272
15 20.054973923 -10.004159390 -2.590597158 -0.570089807 -0.339667339 0.405803565 0.628448230
16 21.819973318 -9.824810412 -2.753514533 -0.562905633 -0.352210181 0.416404398 0.621041557
17 22.444950558 -8.429894138 -1.930416793 -0.561820123 -0.381408369 0.422801464 0.600103931
18 23.528827603 -6.812069198 -2.071935285 -0.544589011 -0.400591527 0.448004368 0.585013952
19 24.509066755 -5.156627734 -1.818299853 -0.529540736 -0.427773261 0.461987865 0.568475029
20 24.883193381 -2.189807848 -2.100075703 -0.501272221 -0.454486751 0.498291903 0.542100667
21 25.222004842 -0.074247257 -1.775853190 -0.483273853 -0.480524142 0.516781250 0.518150626
22 24.771443283 2.523475721 -1.691997238 -0.457820256 -0.506039413 0.542442372 0.489980611
23 24.301288686 4.941033027 -1.611040916 -0.432648834 -0.529033780 0.565267621 0.461964027
24 23.760680421 6.956771608 -1.683357570 -0.406877250 -0.548429845 0.582361957 0.441055733
25 22.403882140 8.694774450 -1.836022623 -0.381948343 -0.564989546 0.600862059 0.416973696
26 21.959860919 9.967738459 -0.111402143 -0.380659727 -0.588427377 0.598716325 0.387801697
27 20.659532389 9.816136256 -0.470794817 -0.370255061 -0.589469588 0.606540080 0.384117074
28 18.611736882 9.293148773 -0.894379168 -0.362740359 -0.587339386 0.615976233 0.379506467
29 18.340637597 8.390653239 -0.200298776 -0.376354934 -0.589296889 0.602492266 0.384823608
30 17.086465236 6.774265685 -0.327212551 -0.390275299 -0.578515718 0.593330424 0.401202896
31 16.040895402 4.787211001 -0.432967427 -0.415188682 -0.559579797 0.575487956 0.428138322
32 15.163077657 2.275865092 -0.188650882 -0.455393171 -0.532651550 0.539515252 0.466714772
33 15.853714665 -7.317330498 0.366816708 -0.597967075 -0.390809547 0.377116921 0.589479519
34 19.858925522 -8.880700818 1.562640453 -0.610401872 -0.402188150 0.365911609 0.575988663
35 21.300326098 -9.680604124 0.859900976 -0.602771041 -0.393297863 0.373788565 0.585035017
36 22.231676929 -8.643426353 0.850274927 -0.591291215 -0.409585443 0.391163312 0.574112992
37 24.244167745 -7.271176327 1.021928523 -0.575716528 -0.432768296 0.414320966 0.556417306
38 24.583533580 -5.198925361 1.455811923 -0.563554889 -0.460138168 0.429064068 0.535334268
39 24.966105903 -1.502121552 0.582113087 -0.524663978 -0.486360933 0.478541455 0.509096090
40 25.105123388 -0.140925812 1.604120351 0.517960935 0.513174929 -0.482701757 -0.485146346
41 24.587939939 2.405492107 1.735656009 0.493968003 0.538973816 -0.507361189 -0.456166046
42 24.317674463 4.854760071 1.618031462 0.466921200 0.560615499 -0.531816705 -0.429960286
43 23.439468752 6.916419374 1.576338723 0.443042095 0.579583233 -0.552088262 -0.403727048
44 23.532842917 8.977995678 1.870949996 0.419705567 0.598790206 -0.564220053 -0.383344830
45 20.564373260 10.481751993 2.830817225 0.400539713 0.628678057 -0.572743413 -0.341023198
46 17.474270828 8.864264267 1.480649959 0.401068946 0.620975669 -0.580429107 -0.341518623
47 15.913457545 6.354323384 3.067702452 0.441819772 0.626694116 -0.539050954 -0.348530979
48 16.186999666 4.976198789 2.730946127 0.459264149 0.605771810 -0.528079535 -0.378482444
49 15.492256500 3.198916655 2.427548787 0.489135020 0.580539185 -0.505979155 -0.409519574
50 16.751864176 -9.215365842 4.101317526 -0.651290958 -0.416470463 0.311121741 0.552789023
51 18.020973287 -10.365691119 4.200503771 -0.652510408 -0.407966985 0.307020942 0.559938611
52 19.491410368 -10.682870342 4.410588391 -0.648676704 -0.412275274 0.313614688 0.557578210
53 21.286071932 -9.184043457 4.609090085 -0.635825489 -0.436798820 0.340754620 0.537418857
54 22.415933086 -9.122459797 4.651001132 -0.631845862 -0.442383090 0.342946797 0.536148769
55 23.074242507 -7.007054084 4.778881977 -0.613661503 -0.469689993 0.368763368 0.516550528
56 24.000464932 -5.210917688 4.839021164 0.596613066 0.490837512 -0.392222721 -0.499292223
57 24.538148417 -2.732079805 4.852374884 0.573813361 0.516925755 -0.421018104 -0.475678197
58 24.820000576 -0.030930941 4.743671245 0.547256677 0.542946975 -0.450955091 -0.449842437
59 24.687066233 2.475626158 4.836808045 0.523302829 0.567526517 -0.474623528 -0.422847854
60 24.061797443 4.772262009 4.896700673 0.499524120 0.590262946 -0.495489607 -0.395670769
61 23.326748477 6.863498157 4.903346145 0.476588031 0.609894188 -0.514689813 -0.368764592
62 22.769685692 9.925715167 5.704769079 0.446832339 0.638910797 -0.530171230 -0.333245137
63 21.278816761 9.349173784 5.007113316 0.445828661 0.638142974 -0.536135406 -0.326449347
64 20.055387205 10.751659117 4.459654196 0.414043602 0.654276367 -0.548015737 -0.316494998
65 18.443001370 8.948553502 5.612063808 0.446576093 0.657982595 -0.525952895 -0.301665793
66 17.560610672 9.080595293 4.577560673 0.440040495 0.654126148 -0.537796145 -0.298761863
67 16.375530862 7.579705495 4.687829601 0.460735101 0.652095784 -0.519251545 -0.304749223
68 15.805189880 3.136391972 6.116859128 0.536819495 0.621930040 -0.446011499 -0.355107867
69 14.731835014 0.345134271 6.890047336 0.597076752 0.589253417 -0.390571377 -0.379122358
70 14.591114178 -2.260829577 5.956973471 0.622119029 0.551190039 -0.354275285 -0.428539937
71 15.444352821 -4.347293797 6.352393213 0.648846783 0.515414511 -0.322880764 -0.457267697
72 17.176221139 -8.106498136 6.670607980 -0.673871131 -0.456571546 0.293857318 0.501086818
73 18.300679237 -9.223248928 7.929431006 0.681147444 0.461398285 -0.279089799 -0.495235970
74 19.675906416 -9.625450955 7.471184076 -0.672225931 -0.459137296 0.285145633 0.505961668
75 21.210377854 -9.255697749 6.526296504 -0.655360260 -0.454077532 0.317721197 0.513195640
76 21.521688201 -8.114184944 7.536445014 0.651508844 0.481092794 -0.318439356 -0.492627981
77 24.110655854 -5.209944225 7.010741697 0.619203591 0.500239850 -0.373712096 -0.476115821
78 24.986363793 -3.754313337 7.518614992 0.604748591 0.522486051 -0.387741538 -0.459286368
79 23.498042999 -2.368965651 7.676587638 0.596435062 0.546144027 -0.392249980 -0.438328497
