0 25.000000000 0.000000000 -5.000000000 -0.448297854 -0.448297854 0.546835472 0.546835472
1 24.802676133 2.588202989 -4.915451958 -0.423038117 -0.473685512 0.571342326 0.519835295
2 24.411974434 4.794830462 -4.729398321 -0.401047789 -0.495943547 0.591512216 0.493268657
3 23.528464904 7.162148812 -4.738854617 -0.371536976 -0.516691768 0.613060689 0.468130841
4 22.727331308 8.508925324 -4.411128516 -0.354310477 -0.532058141 0.624465631 0.448799395
5 21.118631868 9.617321793 -4.528070737 -0.335362726 -0.540783296 0.640534782 0.429884242
6 20.075917540 9.922753038 -4.210751143 -0.324659725 -0.549052885 0.643867567 0.422577270
7 19.220556559 9.577382960 -3.886394403 -0.328166213 -0.551243374 0.644915625 0.415357095
8 16.855273273 8.977366878 -4.396752228 -0.305285227 -0.543750127 0.657304666 0.423187082
9 16.640572099 7.156348805 -3.838796822 -0.338110958 -0.532328935 0.639105311 0.440285460
10 15.457624086 5.367774600 -3.864157932 -0.352140314 -0.513134135 0.629429430 0.465305438
11 14.674126412 3.007702727 -4.055909167 -0.382593406 -0.477581463 0.607759025 0.506129627
12 15.052829978 -0.092333462 -3.145925461 -0.451406621 -0.442953055 0.546579637 0.548885556
13 15.264523097 -2.983049192 -2.847766543 -0.494500700 -0.398511256 0.497741052 0.590687465
14 15.353338429 -4.740661130 -4.001070830 -0.506533966 -0.364345250 0.465050128 0.628016129
15 16.660643313 -6.833564146 -2.719642650 -0.544662161 -0.353647502 0.435775123 0.623198697
16 17.180487052 -8.896294720 -2.589087419 -0.568470094 -0.331739925 0.402140640 0.636453675
17 19.411110502 -8.825140739 -2.868928487 -0.559497778 -0.346824724 0.415647153 0.627624323
18 20.631685828 -9.217100054 -2.672412007 -0.561945892 -0.352869838 0.414931855 0.622520078
19 21.837240307 -8.923778672 -2.614249943 -0.557811258 -0.365176567 0.422139209 0.614240314
20 22.233377849 -8.990116725 -2.201772974 -0.562720415 -0.372471169 0.418213558 0.608036498
21 23.477042443 -6.479683209 -2.866074616 -0.533339845 -0.398865217 0.456447834 0.590008918
22 24.174498294 -4.833161581 -2.313616706 -0.523385520 -0.425262265 0.471741094 0.568049244
23 24.846807358 -2.393394039 -2.282253440 -0.501247023 -0.451854484 0.497253878 0.545268309
24 25.055079167 0.223159213 -2.148153365 -0.477503687 -0.479569233 0.522830606 0.518316252
25 24.824808366 2.532481155 -1.881490169 -0.456355369 -0.504852346 0.543925538 0.490926567
26 24.287485105 5.157542205 -1.669477888 -0.427873343 -0.531803158 0.566284894 0.461986171
27 23.284608387 7.308202998 -1.380092056 -0.404909789 -0.554721940 0.583860061 0.432942331
28 22.121239774 8.969685862 -1.207199195 -0.382553850 -0.573022024 0.598562433 0.408682426
29 21.430780098 9.167474460 -1.348211769 -0.374568901 -0.575845703 0.603895801 0.404239689
30 19.190605359 10.331246010 -0.781005909 -0.354344641 -0.598225371 0.614601924 0.372599995
31 19.252429812 9.625143300 -0.668347850 -0.366003766 -0.592287070 0.610864879 0.376936824
32 18.026011177 7.960689565 -1.909454824 -0.365117156 -0.567133742 0.617451768 0.404724716
33 16.596757573 6.703087685 0.662498777 0.406003469 0.593026808 -0.582183842 -0.380187273
34 15.650281684 4.870036835 -0.702310305 -0.415992039 -0.557923063 0.579601168 0.423951606
35 15.069559384 3.090746261 -0.860914207 -0.437710727 -0.536921577 0.557269985 0.457793298
36 15.206395048 -0.617395606 -0.167138928 -0.506757731 -0.481936945 0.498906110 0.511884827
37 15.184023751 -3.026754068 0.408875500 -0.549350827 -0.450239387 0.448891172 0.542212947
38 15.512822632 -4.747924719 0.575103631 -0.579199174 -0.425815373 0.411012222 0.560605510
39 16.958379653 -5.413838889 -0.468765317 -0.568501802 -0.405709270 0.423960677 0.576596075
40 16.939820650 -9.609209048 0.013570024 -0.607970130 -0.367901898 0.351431879 0.609521246
41 18.852004808 -9.886621850 1.643055847 -0.621224825 -0.380429715 0.355727965 0.585500268
42 19.420454251 -10.510192897 0.670975373 -0.615382299 -0.372424952 0.352909151 0.598380658
43 20.785235284 -9.893018161 0.966435509 -0.610754381 -0.386536604 0.367072818 0.585513524
44 22.273079506 -8.765498726 0.893159519 -0.595155752 -0.406375528 0.389184110 0.573745840
45 23.654203176 -6.584272293 1.216836632 -0.575971590 -0.437748793 0.416351500 0.550712403
46 24.351818984 -4.898807141 1.627932911 -0.562662605 -0.461506982 0.434313999 0.530842208
47 24.806855247 -2.497658385 1.010196042 -0.536206170 -0.483542044 0.464415721 0.512823628
48 25.187081381 -0.350299439 1.118817503 0.512738925 0.508280436 -0.485196829 -0.493288789
49 24.958906189 2.587693251 1.262561581 0.484410078 0.537869530 -0.512741007 -0.461670774
50 24.275071490 5.125405124 1.500930952 0.460759132 0.563489277 -0.533646285 -0.430583905
51 23.483333529 7.259127341 1.622260100 0.436479074 0.584475133 -0.552200026 -0.403670619
52 22.496436551 8.930791935 1.893433900 0.417595130 0.603228932 -0.564148345 -0.378768804
53 20.811218934 9.938544494 1.951039766 0.399912285 0.618662859 -0.575121500 -0.355755100
54 19.383304107 10.303021318 2.069947729 0.389266307 0.629703592 -0.579699791 -0.340431022
55 18.574189648 9.394439210 2.554155732 0.405786702 0.629548300 -0.571234260 -0.335704498
56 17.881754670 8.342071772 1.647343335 0.397403445 0.621691220 -0.573614246 -0.355720714
57 16.385530511 6.969717953 2.305490325 0.430030449 0.618966942 -0.555294890 -0.351569798
58 16.250884700 5.091736357 3.306955342 0.466035905 0.612803012 -0.522987465 -0.365741870
59 14.637632685 2.490950917 3.667364370 0.515113642 0.590591806 -0.479246955 -0.395198192
60 15.090661051 -0.450295223 3.227185719 0.556213999 0.536998361 -0.444703457 -0.452214090
61 15.981407421 -2.590243505 1.850267901 -0.573586621 -0.487752039 0.423718579 0.503546326
62 15.372214876 -5.354823504 4.192131750 -0.625965935 -0.470596427 0.352679824 0.512174378
63 16.645255436 -6.998042607 1.944297855 -0.618415471 -0.430896955 0.349015869 0.556846517
64 17.373275645 -8.637509845 5.335039435 -0.660745629 -0.428019956 0.317889665 0.528356217
65 18.177513739 -10.269300147 3.556457245 -0.650266091 -0.402983493 0.312091747 0.563344528
66 19.473235513 -10.528252360 3.770626332 -0.647471425 -0.406628149 0.318626460 0.560278039
67 20.846723634 -9.810969264 4.034659541 -0.639812354 -0.420582945 0.335120610 0.549039447
68 22.046777246 -8.488785041 4.258175057 -0.629104418 -0.439472053 0.355911763 0.533309257
69 23.786784974 -6.380606063 3.435286700 -0.600102592 -0.461144165 0.393204884 0.522123412
70 24.516019516 -4.523388344 3.820034731 -0.582817004 -0.488234466 0.411099813 0.502939748
71 24.967003537 -3.063836275 4.162017994 0.566904331 0.509203676 -0.426507084 -0.487260507
72 25.081300971 -0.181925595 4.351885831 0.542221431 0.538992527 -0.453826501 -0.457738443
73 25.075942845 2.557868896 4.379061288 0.513822047 0.565783602 -0.480218618 -0.430425253
74 24.435957469 5.103895598 4.549545976 0.488727306 0.591355032 -0.501263953 -0.400224058
75 23.504371358 7.257549179 4.701585726 0.465249408 0.613598264 -0.518233402 -0.372121351
76 22.375822069 8.916314743 4.820607226 0.446123746 0.631260243 -0.531507097 -0.346387521
77 21.138937773 9.880099455 4.924548528 0.431435871 0.645575541 -0.538846457 -0.326710584
78 19.756996959 10.218791654 5.049188358 0.423730349 0.656579417 -0.541099973 -0.310752120
79 18.532659685 9.589268853 5.345837476 0.436855811 0.659252364 -0.534018900 -0.298943366
80 17.107433349 8.903658842 5.332916243 0.438455762 0.664892534 -0.526462490 -0.297509177
81 16.400079968 7.082064545 5.304503099 0.469047015 0.653022531 -0.508731282 -0.307813181
82 16.191311502 5.762470650 5.220930003 0.486600956 0.642282346 -0.491134868 -0.330876773
83 15.921651519 3.206655732 5.322415044 0.530508073 0.616115957 -0.454690543 -0.363619063
84 15.887521609 0.247733270 5.343716169 0.577289447 0.577747506 -0.410155499 -0.405853644
85 16.067588132 -2.406888511 5.264488125 0.614699576 0.534500671 -0.371548922 -0.445426607
86 16.473299104 -4.879529151 5.415794947 0.642104759 0.496494579 -0.336623826 -0.477366747
87 17.222095088 -6.878378310 5.452224871 -0.658015430 -0.465204051 0.316306406 0.500550840
88 18.125665530 -8.419632361 5.702010521 -0.665072080 -0.448787429 0.302573306 0.514507888
89 18.109885299 -10.333928091 6.747832849 -0.680043623 -0.437282762 0.274684354 0.520454573
90 19.404801981 -10.456784486 6.947162271 -0.675640260 -0.439947003 0.284330555 0.518761032
91 21.658955106 -9.084402535 6.329964807 -0.653943132 -0.454860736 0.319848127 0.512988564
92 22.854952844 -7.973221163 6.557929925 -0.642400290 -0.470656457 0.338330915 0.501334777
93 23.588039236 -6.525382667 7.058163950 0.629690300 0.494139744 -0.352372958 -0.484921992
94 24.470111025 -4.499114698 5.385195235 0.590817890 0.507969737 -0.393864699 -0.487618258
95 24.653655083 -2.928157577 8.363678441 0.598961384 0.544562173 -0.387306706 -0.441237822
