0 25.000000000 0.000000000 -5.000000000 -0.448297854 -0.448297854 0.546835472 0.546835472
1 24.802676133 2.588202989 -4.915451958 -0.423038117 -0.473685512 0.571342326 0.519835295
2 24.352763214 4.765490672 -4.768080926 -0.400481191 -0.495524188 0.590698582 0.495121985
3 23.473280233 7.173749640 -4.618825336 -0.372846854 -0.517530060 0.612614406 0.466745594
4 22.549437113 8.383307549 -4.675283367 -0.354675706 -0.528561703 0.626082505 0.450386907
5 21.401933214 9.390375339 -4.476191867 -0.338761601 -0.539230351 0.637130754 0.434206873
6 20.167268579 9.707080934 -4.339724645 -0.328340009 -0.544726634 0.644570623 0.424257523
7 18.821424458 9.445175907 -4.436095593 -0.319783364 -0.544089583 0.650407354 0.422700129
8 17.405786505 8.612085628 -3.889365984 -0.322099253 -0.545512478 0.646465839 0.425147182
9 16.190080088 7.264516784 -4.029374392 -0.330218619 -0.531870688 0.643922315 0.439810513
10 15.448889749 5.030191344 -3.909751392 -0.356791309 -0.508937615 0.626195145 0.470703842
11 14.887533304 2.902276129 -4.070226669 -0.386141948 -0.478302576 0.600287291 0.511640705
12 14.734113534 0.465591880 -4.079408551 -0.427443055 -0.439940217 0.562240224 0.554644905
13 14.962395667 -2.004591005 -4.046500203 -0.469115227 -0.400895952 0.517437301 0.592850722
14 15.493136031 -5.151816535 -3.636477403 -0.518034668 -0.358603504 0.466734026 0.620647210
15 16.426812086 -6.555080442 -3.653566432 -0.533392360 -0.346742667 0.439865770 0.633861355
16 17.553185943 -8.482960522 -2.654763109 -0.560681950 -0.344095020 0.406880939 0.633784087
17 19.082433976 -9.307862420 -2.781957627 -0.565073007 -0.341303040 0.406659403 0.631532154
18 20.003716828 -10.064488708 -2.717360323 -0.569114259 -0.341292914 0.400302298 0.631970076
19 21.257967146 -9.594186415 -2.650400203 -0.563772103 -0.356860751 0.409162810 0.622412415
20 22.442115227 -9.055387171 -2.329808865 -0.558796311 -0.374163703 0.419917176 0.609440540
21 23.497819008 -6.939278530 -2.413103667 -0.540752434 -0.399360413 0.446255801 0.590723138
22 24.328574866 -4.899457121 -2.191475440 -0.524688899 -0.426429060 0.468120496 0.568966622
23 24.788740538 -2.475980274 -2.000013089 -0.503637358 -0.454484449 0.493334994 0.544439053
24 25.050639068 0.000009141 -1.741900814 -0.482304051 -0.482684729 0.516752351 0.517073749
25 24.727414436 2.792120722 -1.849353007 -0.453471387 -0.507780557 0.545062112 0.489315748
26 24.261645178 5.000480343 -1.710790617 -0.431030879 -0.529351060 0.565508578 0.462817335
27 23.533809862 7.103878256 -1.460672144 -0.408102280 -0.551351206 0.582710024 0.435790551
28 22.452035448 8.700388675 -1.272771659 -0.387611722 -0.568437817 0.596871498 0.412771144
29 21.274433204 9.664765751 -1.085730817 -0.373010108 -0.580933498 0.606506903 0.394371788
30 20.119577066 9.758745272 -1.525199803 -0.361278029 -0.580868102 0.616606125 0.389701579
31 18.712405114 9.396015250 -1.002387992 -0.360772667 -0.588225869 0.614852181 0.381824835
32 17.437400639 8.618392569 -1.299216036 -0.359638442 -0.582815386 0.616439815 0.388572221
33 16.205419682 7.035169742 -0.694847720 -0.380195594 -0.579754129 0.600860626 0.397873055
34 15.685031398 5.167123057 -0.704640061 -0.410469799 -0.558273094 0.582881769 0.424375471
35 15.170178833 2.881745972 -0.429328697 -0.451186074 -0.531903106 0.550844074 0.458345960
36 14.892328962 0.359329326 -0.918031846 -0.484759519 -0.495411702 0.512075612 0.507300721
37 15.276661254 -2.102172713 -0.305421262 -0.528306487 -0.458221709 0.472521553 0.536328727
38 15.477719282 -5.097065719 0.130629323 -0.575723468 -0.414997817 0.411780868 0.571625592
39 16.274441633 -6.917842517 0.531571867 -0.598002538 -0.391127826 0.385573902 0.583733461
40 17.569602997 -8.399487187 -0.242320030 -0.597059363 -0.376904717 0.374524555 0.600994434
41 18.745003577 -9.527027339 0.042972401 -0.604220504 -0.373234333 0.365185260 0.601874939
42 19.982529375 -9.962624050 0.225046463 -0.604203550 -0.377600733 0.366199140 0.598543187
43 21.336363227 -9.611196976 0.447205330 -0.598234237 -0.391289918 0.375430499 0.589966048
44 22.465752372 -8.805636946 0.527909514 -0.589535894 -0.406399471 0.390525618 0.578598860
45 23.575636507 -6.913078070 0.856595617 -0.574280345 -0.434191756 0.412704972 0.557991228
46 24.458444798 -4.771318690 0.970172470 -0.555080230 -0.458260189 0.440068971 0.536863891
47 24.842563328 -2.299037799 1.019805734 -0.532616309 -0.484979289 0.466938957 0.512916140
48 24.909256053 0.303505559 1.210357160 0.508950737 0.513373002 -0.491693606 -0.485442794
49 24.820674387 2.438208544 1.689548307 0.491489801 0.539916559 -0.507075994 -0.458041288
50 24.553582157 4.945925380 1.442400761 0.462336728 0.560544288 -0.533083643 -0.433424366
51 23.475559168 7.057640382 2.080303946 0.442556058 0.587308661 -0.545653699 -0.401839163
52 22.534463941 8.678161432 1.495176548 0.418044963 0.596590038 -0.567702815 -0.383447844
53 21.190156908 9.771641731 1.920329389 0.404697962 0.614572917 -0.573277388 -0.360378586
54 19.822151035 10.145961502 2.063876626 0.395871827 0.624210733 -0.578169324 -0.345494847
55 18.963773784 9.755929046 2.145664751 0.395762206 0.626448589 -0.577669023 -0.342392965
56 17.662613221 8.792033513 2.110189951 0.401291128 0.626038338 -0.573187667 -0.344234408
57 16.570542688 6.746296898 2.366614052 0.428112169 0.618609551 -0.552343167 -0.359108925
58 15.837107539 5.076822602 2.242115668 0.458841646 0.599552978 -0.535257063 -0.378814528
59 14.952725146 2.938015465 2.591237135 0.492162088 0.585314529 -0.499332563 -0.407247311
60 14.923598974 0.081929966 2.779654214 0.542503956 0.546826488 -0.453323346 -0.448517773
61 15.356732243 -2.183583976 2.959728643 0.587422564 0.499059602 -0.415165480 -0.483230658
62 15.788263573 -4.682603397 2.473277458 -0.606590524 -0.465035932 0.375036768 0.524534975
63 16.571158049 -6.862570833 2.730099876 -0.626428900 -0.435789921 0.346523815 0.545522890
64 17.759957511 -8.565141381 2.831928998 -0.636491768 -0.412802152 0.335124964 0.558716271
65 18.899086318 -9.579281541 3.123197913 -0.639112427 -0.409275213 0.328007746 0.562530021
66 20.138345277 -9.857114834 3.599706429 -0.637883856 -0.416880974 0.328890362 0.557804240
67 21.600528018 -9.788787327 4.480902831 -0.635858650 -0.429202790 0.339147262 0.544470273
68 22.872826561 -8.645860196 4.483496871 -0.622450138 -0.446453300 0.358508605 0.533579288
69 23.359001670 -7.161297474 3.915465543 -0.608505420 -0.458969862 0.378432982 0.525220238
70 24.095463279 -4.768382830 4.217410898 -0.589480791 -0.487249607 0.405330442 0.500806799
71 24.863719244 -2.245683726 4.117076447 0.560555922 0.514210234 -0.435908275 -0.480987390
72 24.980503284 0.193741049 3.950410900 0.535401823 0.537842305 -0.462547943 -0.458388420
73 24.820483342 2.707731862 4.071151434 0.510848494 0.562924643 -0.485636294 -0.431633006
74 24.150486798 4.923862149 5.219919210 0.497006956 0.595924575 -0.491635980 -0.395160790
75 23.343447347 7.409133709 4.572890399 0.465045023 0.613068253 -0.520431835 -0.370177187
76 22.462533764 8.504829617 4.639763521 0.449775202 0.624426882 -0.531773536 -0.353567877
77 21.430206382 9.735052920 4.774478372 0.435716341 0.639505981 -0.540095137 -0.330878548
78 20.268094753 10.047937542 4.858249055 0.429725080 0.648427117 -0.542826295 -0.316572651
79 19.214983495 9.536224847 4.890607509 0.432789659 0.651724615 -0.539093122 -0.311972342
80 17.778779876 8.927013472 5.664422285 0.441684874 0.662731730 -0.524769448 -0.300529787
81 16.583125747 6.743000253 5.526748122 0.467448165 0.653447116 -0.503549703 -0.317705487
82 15.935081309 4.564729774 5.511579152 0.501118717 0.637647531 -0.475990308 -0.340174785
83 15.075097282 2.948368811 5.761627170 0.536225951 0.622529079 -0.444866578 -0.356388837
84 15.203589313 -0.476396613 5.345135314 0.581462142 0.581054414 -0.395263003 -0.409932560
85 15.733702293 -1.934512666 5.526119148 0.615293908 0.541393708 -0.372662079 -0.435234688
86 15.818076036 -4.969327952 6.100303223 0.648080793 0.502753064 -0.325516202 -0.470393287
87 16.928330179 -6.838307337 5.987224733 0.661558840 0.471706311 -0.308081973 -0.494892469
88 17.753655671 -8.500244548 6.400478769 -0.669776109 -0.456165795 0.290403927 0.508899097
89 18.690865692 -9.242187440 7.210317827 -0.675683282 -0.455228547 0.286548462 0.504092304
90 19.945969310 -10.349301457 6.400597237 -0.667441738 -0.442161310 0.291537440 0.523469982
91 21.501757551 -8.805551689 7.162183546 -0.655678074 -0.465690672 0.316248188 0.503195335
92 22.268610422 -8.749041239 6.973578925 -0.645000394 -0.469701945 0.325781483 0.507169597
93 23.560431087 -7.512369273 6.574006387 0.630590698 0.484620706 -0.346222049 -0.497622784
94 24.649089961 -5.217940981 8.102573236 0.616937135 0.518600566 -0.366329371 -0.465021307
95 25.024998306 -2.166749694 6.744680785 0.581889572 0.537090348 -0.410646788 -0.452004092
